-- phpMyAdmin SQL Dump
-- version 4.4.10
-- http://www.phpmyadmin.net
--
-- Host: localhost:8889
-- Generation Time: Aug 15, 2016 at 11:10 AM
-- Server version: 5.5.42
-- PHP Version: 5.6.10

SET SQL_MODE = "NO_AUTO_VALUE_ON_ZERO";
SET time_zone = "+00:00";

--
-- Database: `SLKSdata`
--

-- --------------------------------------------------------

--
-- Table structure for table `Kulturbudget`
--

CREATE TABLE `Kulturbudget` (
  `Kommune` varchar(255) COLLATE utf8_danish_ci NOT NULL,
  `Region` varchar(255) COLLATE utf8_danish_ci NOT NULL,
  `1993` int(11) NOT NULL,
  `1994` int(11) NOT NULL,
  `1995` int(11) NOT NULL,
  `1996` int(11) NOT NULL,
  `1997` int(11) NOT NULL,
  `1998` int(11) NOT NULL,
  `1999` int(11) NOT NULL,
  `2000` int(11) NOT NULL,
  `2001` int(11) NOT NULL,
  `2002` int(11) NOT NULL,
  `2003` int(11) NOT NULL,
  `2004` int(11) NOT NULL,
  `2005` int(11) NOT NULL,
  `2006` int(11) NOT NULL,
  `2007` int(11) NOT NULL,
  `2008` int(11) NOT NULL,
  `2009` int(11) NOT NULL,
  `2010` int(11) NOT NULL,
  `2011` int(11) NOT NULL,
  `2012` int(11) NOT NULL,
  `2013` int(11) NOT NULL,
  `2014` int(11) NOT NULL,
  `2015` int(11) NOT NULL,
  `2016` int(11) NOT NULL
) ENGINE=InnoDB DEFAULT CHARSET=utf8 COLLATE=utf8_danish_ci;

--
-- Dumping data for table `Kulturbudget`
--

INSERT INTO `Kulturbudget` (`Kommune`, `Region`, `1993`, `1994`, `1995`, `1996`, `1997`, `1998`, `1999`, `2000`, `2001`, `2002`, `2003`, `2004`, `2005`, `2006`, `2007`, `2008`, `2009`, `2010`, `2011`, `2012`, `2013`, `2014`, `2015`, `2016`) VALUES
('Albertslund', 'Hovedstaden', 380, 439, 419, 548, 467, 493, 519, 528, 542, 575, 586, 671, 702, 682, 726, 680, 774, 707, 630, 629, 660, 700, 771, 718),
('Allerød', 'Hovedstaden', 210, 185, 220, 226, 212, 235, 225, 260, 306, 305, 325, 341, 345, 356, 381, 371, 453, 369, 361, 366, 399, 367, 345, 432),
('Assens', 'Syddanmark', 115, 124, 116, 131, 121, 121, 128, 138, 155, 175, 180, 174, 202, 216, 244, 273, 291, 279, 291, 309, 353, 386, 405, 394),
('Ballerup', 'Hovedstaden', 224, 233, 255, 309, 247, 265, 331, 374, 439, 402, 413, 427, 432, 426, 441, 466, 555, 489, 475, 467, 487, 521, 518, 506),
('Billund', 'Syddanmark', 169, 175, 213, 218, 224, 231, 199, 220, 230, 238, 240, 273, 284, 260, 284, 295, 349, 326, 265, 393, 361, 392, 361, 417),
('Bornholm', 'Hovedstaden', 44, 36, 32, 55, 44, 47, 44, 54, 79, 78, 268, 287, 336, 323, 357, 335, 431, 428, 462, 460, 495, 493, 481, 493),
('Brøndby', 'Hovedstaden', 47, 53, 62, 92, 70, 72, 83, 95, 96, 100, 107, 105, 106, 123, 108, 107, 102, 123, 113, 151, 322, 362, 355, 329),
('Brønderslev', 'Nordjylland', 87, 106, 105, 111, 116, 121, 124, 135, 149, 164, 190, 174, 179, 188, 173, 198, 211, 203, 209, 212, 201, 218, 219, 233),
('Dragør', 'Hovedstaden', 149, 170, 156, 227, 169, 205, 230, 215, 275, 252, 281, 308, 317, 305, 226, 279, 355, 332, 303, 330, 326, 343, 388, 376),
('Egedal', 'Hovedstaden', 117, 111, 117, 140, 126, 134, 148, 147, 148, 161, 169, 186, 191, 165, 174, 208, 158, 168, 161, 176, 140, 158, 189, 178),
('Esbjerg', 'Syddanmark', 219, 236, 261, 287, 328, 365, 400, 407, 437, 425, 432, 450, 468, 481, 536, 596, 646, 726, 683, 692, 680, 705, 732, 705),
('Fanø', 'Syddanmark', 160, 160, 203, 184, 227, 274, 240, 315, 271, 247, 256, 288, 256, 276, 297, 260, 409, 308, 581, 533, 449, 392, 436, 437),
('Favrskov', 'Midtjylland', 58, 67, 73, 90, 94, 103, 97, 96, 127, 134, 169, 209, 177, 164, 213, 215, 226, 231, 195, 208, 197, 203, 230, 242),
('Faxe', 'Sjælland', 61, 72, 93, 70, 93, 104, 109, 107, 124, 118, 131, 131, 150, 129, 121, 152, 160, 182, 172, 192, 203, 236, 222, 238),
('Fredensborg', 'Hovedstaden', 119, 109, 134, 158, 159, 156, 184, 194, 199, 217, 240, 360, 245, 271, 281, 302, 317, 252, 254, 299, 338, 388, 324, 330),
('Fredericia', 'Syddanmark', 138, 151, 173, 220, 241, 275, 285, 399, 344, 500, 643, 561, 585, 648, 641, 656, 872, 1, 846, 753, 838, 851, 936, 1),
('Frederiksberg', 'Hovedstaden', 138, 192, 231, 280, 178, 199, 184, 165, 122, 134, 136, 151, 150, 158, 173, 190, 205, 242, 238, 250, 285, 287, 321, 380),
('Frederikshavn', 'Nordjylland', 133, 132, 161, 186, 205, 206, 202, 211, 236, 228, 247, 296, 316, 319, 404, 444, 456, 483, 465, 548, 569, 592, 544, 567),
('Frederikssund', 'Hovedstaden', 146, 159, 145, 177, 168, 158, 181, 209, 229, 240, 237, 267, 269, 281, 250, 356, 320, 363, 394, 453, 408, 360, 505, 353),
('Furesø', 'Hovedstaden', 262, 269, 309, 304, 378, 421, 489, 495, 443, 439, 419, 416, 422, 531, 561, 591, 635, 602, 637, 757, 775, 741, 762, 759),
('Faaborg-Midtfyn', 'Syddanmark', 123, 127, 130, 143, 145, 162, 163, 170, 188, 197, 204, 193, 203, 229, 220, 224, 245, 240, 254, 256, 248, 278, 411, 358),
('Gentofte', 'Hovedstaden', 29, 31, 51, 92, 57, 58, 64, 63, 65, 76, 67, 80, 113, 120, 187, 208, 222, 233, 241, 247, 266, 319, 307, 284),
('Gladsaxe', 'Hovedstaden', 87, 96, 106, 143, 94, 80, 93, 87, 81, 92, 102, 98, 100, 107, 173, 197, 237, 228, 199, 196, 192, 221, 195, 210),
('Glostrup', 'Hovedstaden', 83, 107, 108, 130, 101, 102, 116, 147, 166, 159, 162, 190, 180, 173, 207, 208, 189, 183, 262, 228, 198, 235, 234, 279),
('Greve', 'Sjælland', 153, 197, 296, 337, 351, 384, 363, 359, 350, 374, 365, 415, 413, 419, 436, 453, 468, 454, 469, 495, 506, 537, 461, 463),
('Gribskov', 'Hovedstaden', 59, 66, 69, 84, 83, 98, 134, 132, 153, 184, 200, 223, 200, 199, 215, 205, 228, 224, 247, 260, 298, 296, 318, 277),
('Guldborgsund', 'Sjælland', 97, 101, 104, 156, 169, 182, 183, 206, 197, 202, 218, 229, 262, 309, 336, 380, 448, 439, 446, 457, 428, 455, 456, 476),
('Haderslev', 'Syddanmark', 130, 141, 166, 198, 242, 259, 280, 294, 321, 342, 338, 365, 413, 383, 341, 384, 398, 419, 386, 399, 428, 458, 466, 502),
('Halsnæs', 'Hovedstaden', 164, 156, 189, 236, 219, 222, 218, 260, 268, 300, 285, 307, 309, 391, 401, 420, 370, 349, 353, 384, 391, 389, 420, 405),
('Hedensted', 'Midtjylland', 52, 59, 78, 79, 67, 71, 72, 85, 83, 87, 90, 102, 100, 108, 111, 135, 129, 123, 126, 127, 133, 139, 147, 150),
('Helsingør', 'Hovedstaden', 201, 185, 228, 271, 275, 284, 319, 360, 397, 435, 482, 438, 455, 458, 440, 502, 522, 596, 691, 683, 781, 778, 800, 760),
('Herlev', 'Hovedstaden', 206, 205, 227, 254, 225, 211, 228, 238, 266, 293, 355, 514, 513, 573, 622, 647, 809, 655, 720, 751, 732, 756, 644, 654),
('Herning', 'Midtjylland', 147, 178, 168, 191, 201, 207, 200, 207, 219, 321, 250, 298, 354, 412, 557, 461, 506, 558, 638, 675, 685, 702, 670, 724),
('Hillerød', 'Hovedstaden', 158, 166, 190, 202, 185, 208, 223, 229, 242, 251, 271, 295, 317, 262, 319, 325, 279, 273, 242, 264, 284, 310, 304, 324),
('Hjørring', 'Nordjylland', 178, 180, 186, 221, 234, 241, 239, 241, 274, 283, 321, 329, 339, 350, 374, 392, 402, 396, 446, 459, 472, 495, 466, 470),
('Holbæk', 'Sjælland', 148, 154, 172, 208, 211, 222, 226, 238, 245, 245, 250, 261, 276, 300, 307, 353, 367, 387, 389, 380, 408, 463, 498, 530),
('Holstebro', 'Midtjylland', 314, 318, 340, 389, 412, 360, 372, 437, 463, 484, 489, 578, 560, 564, 646, 603, 695, 750, 777, 817, 819, 851, 816, 877),
('Horsens', 'Midtjylland', 196, 194, 183, 220, 253, 248, 258, 313, 315, 336, 333, 346, 343, 401, 545, 313, 406, 447, 478, 557, 479, 506, 531, 527),
('Hvidovre', 'Hovedstaden', 76, 100, 113, 214, 174, 203, 171, 229, 271, 300, 343, 367, 398, 440, 436, 469, 493, 453, 446, 448, 493, 470, 476, 475),
('Høje-Taastrup', 'Hovedstaden', 254, 283, 291, 270, 291, 308, 291, 311, 337, 375, 401, 435, 457, 436, 458, 466, 502, 504, 418, 421, 437, 426, 430, 417),
('Hørsholm', 'Hovedstaden', 294, 236, 288, 360, 344, 308, 334, 368, 500, 431, 434, 441, 466, 485, 510, 549, 578, 530, 498, 608, 575, 635, 612, 644),
('Ikast-Brande', 'Midtjylland', 57, 63, 74, 84, 97, 92, 99, 117, 112, 117, 140, 148, 149, 194, 202, 179, 219, 260, 224, 233, 251, 256, 253, 268),
('Ishøj', 'Hovedstaden', 440, 442, 578, 625, 505, 612, 608, 688, 730, 729, 761, 754, 661, 652, 388, 497, 680, 494, 574, 510, 471, 572, 501, 535),
('Jammerbugt', 'Nordjylland', 50, 77, 90, 115, 117, 136, 125, 133, 120, 132, 134, 157, 163, 174, 146, 169, 169, 200, 207, 222, 229, 208, 251, 234),
('Kalundborg', 'Sjælland', 87, 88, 103, 110, 115, 118, 123, 124, 143, 159, 168, 176, 206, 184, 212, 231, 272, 269, 264, 252, 321, 213, 281, 278),
('Kerteminde', 'Syddanmark', 96, 102, 141, 126, 253, 244, 349, 334, 370, 369, 461, 371, 367, 387, 470, 433, 460, 478, 457, 562, 507, 523, 471, 502),
('Kolding', 'Syddanmark', 293, 340, 322, 361, 369, 376, 414, 452, 474, 575, 613, 600, 600, 619, 702, 716, 745, 754, 573, 599, 625, 627, 661, 679),
('København', 'Hovedstaden', 145, 156, 165, 183, 204, 232, 236, 234, 209, 197, 224, 227, 219, 319, 332, 363, 406, 372, 388, 406, 441, 420, 415, 422),
('Køge', 'Sjælland', 172, 183, 191, 204, 207, 213, 244, 264, 269, 284, 295, 307, 331, 329, 339, 359, 401, 386, 389, 451, 507, 491, 427, 480),
('Langeland', 'Syddanmark', 127, 146, 157, 181, 231, 198, 258, 248, 290, 346, 330, 316, 335, 355, 290, 395, 356, 529, 380, 519, 451, 534, 436, 506),
('Lejre', 'Sjælland', 96, 100, 110, 122, 117, 124, 133, 92, 187, 198, 221, 237, 253, 264, 280, 281, 331, 319, 282, 345, 404, 382, 441, 385),
('Lemvig', 'Midtjylland', 115, 126, 119, 113, 128, 138, 149, 147, 151, 164, 180, 196, 181, 209, 206, 222, 249, 297, 340, 323, 361, 383, 335, 359),
('Lolland', 'Sjælland', 82, 81, 87, 97, 111, 120, 130, 140, 145, 148, 159, 174, 177, 186, 256, 274, 315, 346, 309, 376, 380, 368, 382, 427),
('Lyngby-Taarbæk', 'Hovedstaden', 248, 236, 266, 356, 284, 335, 322, 328, 335, 441, 413, 428, 413, 432, 417, 441, 470, 457, 259, 247, 209, 184, 191, 219),
('Læsø', 'Nordjylland', 72, 193, 271, 154, 254, 288, 273, 287, 314, 253, 241, 249, 385, 303, 333, 380, 395, 398, 353, 528, 419, 847, 841, 457),
('Mariagerfjord', 'Nordjylland', 73, 75, 73, 76, 91, 85, 84, 95, 118, 121, 132, 161, 171, 207, 269, 282, 315, 311, 389, 356, 346, 378, 429, 425),
('Middelfart', 'Syddanmark', 129, 132, 153, 158, 156, 185, 180, 192, 209, 198, 203, 220, 226, 232, 236, 243, 268, 275, 259, 263, 266, 309, 324, 305),
('Morsø', 'Nordjylland', 127, 140, 158, 164, 172, 169, 196, 209, 204, 220, 220, 231, 232, 244, 256, 269, 279, 334, 340, 353, 599, 394, 432, 457),
('Norddjurs', 'Midtjylland', 89, 83, 89, 107, 118, 107, 111, 115, 131, 134, 132, 135, 151, 159, 191, 255, 261, 269, 256, 269, 301, 320, 351, 332),
('Nordfyn', 'Syddanmark', 90, 96, 101, 112, 109, 123, 116, 140, 160, 156, 172, 191, 198, 204, 201, 235, 236, 246, 230, 225, 268, 267, 265, 308),
('Nyborg', 'Syddanmark', 91, 102, 107, 88, 83, 99, 98, 107, 112, 112, 107, 119, 130, 148, 178, 187, 247, 282, 283, 350, 347, 346, 366, 406),
('Næstved', 'Sjælland', 120, 116, 129, 132, 140, 153, 165, 181, 204, 269, 252, 252, 257, 278, 271, 340, 343, 333, 333, 425, 379, 415, 400, 398),
('Odder', 'Midtjylland', 97, 116, 120, 119, 121, 136, 145, 154, 162, 157, 152, 160, 162, 165, 161, 173, 184, 221, 178, 173, 190, 191, 217, 213),
('Odense', 'Syddanmark', 320, 345, 355, 372, 488, 412, 457, 443, 462, 500, 507, 517, 572, 625, 646, 771, 784, 890, 869, 751, 755, 788, 910, 801),
('Odsherred', 'Sjælland', 183, 161, 212, 228, 228, 224, 245, 237, 253, 270, 284, 311, 343, 371, 348, 338, 391, 343, 361, 360, 367, 383, 391, 421),
('Randers', 'Midtjylland', 234, 212, 252, 258, 276, 276, 290, 310, 399, 378, 318, 339, 391, 383, 395, 402, 518, 544, 525, 473, 529, 504, 536, 546),
('Rebild', 'Nordjylland', 54, 64, 72, 87, 111, 128, 122, 136, 172, 176, 170, 189, 203, 207, 301, 307, 275, 293, 241, 385, 312, 319, 298, 379),
('Ringkoebing-Skjern', 'Midtjylland', 108, 117, 131, 153, 152, 159, 174, 189, 188, 191, 197, 210, 241, 257, 239, 257, 290, 282, 284, 289, 289, 301, 301, 310),
('Ringsted', 'Sjælland', 357, 375, 353, 355, 363, 371, 378, 444, 393, 371, 404, 267, 423, 301, 368, 375, 365, 480, 386, 530, 350, 421, 443, 431),
('Roskilde', 'Sjælland', 148, 181, 198, 202, 203, 236, 237, 248, 281, 310, 354, 359, 380, 422, 450, 513, 587, 629, 603, 570, 608, 696, 711, 690),
('Rudersdal', 'Hovedstaden', 223, 226, 231, 269, 242, 307, 337, 335, 305, 340, 344, 370, 395, 394, 446, 510, 545, 565, 541, 536, 525, 532, 561, 552),
('RØdovre', 'Hovedstaden', 143, 162, 177, 179, 171, 193, 192, 219, 220, 230, 273, 267, 270, 258, 280, 309, 324, 329, 318, 341, 372, 398, 394, 405),
('Samsø', 'Midtjylland', 98, 103, 163, 151, 136, 133, 166, 183, 199, 209, 226, 233, 258, 278, 286, 283, 303, 300, 295, 437, 347, 313, 366, 478),
('Silkeborg', 'Midtjylland', 107, 170, 133, 128, 163, 184, 252, 277, 270, 292, 466, 373, 396, 419, 425, 431, 450, 421, 400, 428, 462, 425, 455, 429),
('Skanderborg', 'Midtjylland', 82, 98, 118, 129, 120, 144, 153, 172, 175, 174, 188, 190, 220, 205, 196, 217, 257, 256, 269, 274, 309, 298, 358, 338),
('Skive', 'Midtjylland', 69, 89, 97, 83, 128, 137, 157, 145, 166, 164, 202, 231, 260, 319, 324, 415, 421, 427, 488, 524, 517, 511, 490, 563),
('Slagelse', 'Sjælland', 114, 125, 144, 152, 154, 177, 174, 201, 196, 218, 217, 295, 320, 318, 269, 310, 330, 387, 354, 384, 378, 413, 404, 305),
('Solrød', 'Sjælland', 33, 41, 45, 59, 58, 47, 52, 36, 50, 62, 55, 59, 58, 60, 72, 77, 88, 76, 64, 70, 69, 73, 76, 80),
('Sorø', 'Sjælland', 83, 85, 95, 113, 118, 128, 127, 147, 175, 160, 162, 184, 200, 221, 212, 220, 235, 264, 290, 304, 295, 305, 307, 310),
('Stevns', 'Sjælland', 32, 51, 41, 49, 45, 44, 48, 51, 47, 50, 54, 73, 76, 84, 107, 82, 126, 128, 141, 154, 162, 231, 245, 275),
('Struer', 'Midtjylland', 140, 143, 200, 239, 195, 228, 222, 232, 254, 227, 283, 279, 316, 405, 492, 539, 543, 523, 535, 544, 635, 650, 625, 634),
('Svendborg', 'Syddanmark', 109, 129, 141, 153, 170, 166, 195, 190, 201, 213, 210, 222, 261, 297, 323, 362, 358, 424, 386, 400, 417, 422, 424, 462),
('Syddjurs', 'Midtjylland', 84, 95, 100, 101, 105, 101, 115, 116, 128, 137, 145, 158, 156, 191, 193, 207, 231, 265, 291, 315, 313, 349, 345, 333),
('Sønderborg', 'Syddanmark', 154, 95, 124, 112, 122, 129, 64, 119, 142, 148, 147, 163, 167, 185, 270, 246, 287, 359, 413, 445, 390, 367, 394, 449),
('Thisted', 'Nordjylland', 121, 106, 130, 152, 161, 156, 177, 198, 191, 211, 239, 243, 247, 265, 247, 279, 314, 319, 349, 345, 358, 372, 377, 364),
('Tønder', 'Syddanmark', 59, 72, 89, 97, 122, 152, 165, 173, 145, 161, 164, 186, 245, 220, 218, 232, 268, 314, 325, 282, 266, 302, 350, 353),
('Tårnby', 'Hovedstaden', 115, 188, 202, 286, 197, 206, 182, 204, 210, 220, 247, 263, 289, 303, 299, 300, 322, 332, 332, 322, 320, 311, 307, 384),
('Vallensbæk', 'Hovedstaden', 64, 69, 76, 100, 95, 104, 111, 124, 143, 138, 149, 166, 195, 183, 197, 227, 195, 213, 198, 190, 203, 268, 239, 252),
('Varde', 'Syddanmark', 115, 101, 108, 138, 119, 128, 121, 129, 142, 156, 186, 180, 195, 196, 211, 236, 259, 266, 269, 285, 292, 292, 340, 345),
('Vejen', 'Syddanmark', 95, 102, 118, 129, 138, 136, 129, 159, 156, 170, 170, 201, 219, 217, 207, 224, 239, 257, 242, 256, 274, 316, 311, 334),
('Vejle', 'Syddanmark', 184, 189, 206, 230, 235, 245, 246, 221, 306, 322, 284, 350, 352, 457, 422, 425, 421, 416, 378, 388, 407, 411, 426, 433),
('Vesthimmerlands', 'Nordjylland', 67, 108, 92, 91, 106, 125, 124, 131, 145, 165, 176, 192, 207, 226, 228, 255, 274, 237, 254, 274, 295, 316, 312, 333),
('Viborg', 'Midtjylland', 149, 159, 151, 201, 192, 194, 202, 217, 221, 258, 257, 291, 297, 334, 388, 400, 468, 445, 447, 463, 498, 494, 480, 477),
('Vordingborg', 'Sjælland', 120, 138, 131, 163, 184, 183, 191, 216, 200, 201, 213, 220, 224, 267, 246, 279, 398, 348, 380, 414, 531, 458, 432, 469),
('Ærø', 'Syddanmark', 204, 125, 137, 161, 181, 169, 176, 201, 260, 270, 295, 310, 320, 326, 381, 480, 496, 545, 554, 514, 566, 575, 555, 762),
('Aabenraa', 'Syddanmark', 60, 67, 73, 94, 108, 113, 106, 129, 112, 149, 136, 157, 171, 196, 197, 236, 278, 339, 284, 318, 326, 355, 345, 402),
('Aalborg', 'Nordjylland', 278, 305, 347, 361, 382, 427, 477, 487, 508, 511, 516, 539, 553, 584, 597, 632, 665, 722, 645, 728, 710, 704, 750, 747),
('Aarhus', 'Midtjylland', 281, 284, 328, 347, 345, 350, 368, 408, 438, 434, 485, 489, 484, 477, 484, 472, 510, 522, 495, 496, 560, 538, 563, 597);

--
-- Indexes for dumped tables
--

--
-- Indexes for table `Kulturbudget`
--
ALTER TABLE `Kulturbudget`
  ADD PRIMARY KEY (`Kommune`);
